# Noise_percentage Zero_error_rate One_error_rate Two_error_rate Three_error_rate Four_error_rate Five_error_rate Six_error_rate Seven_error_rate Eight_error_rate Nine_error_rate
0.0 0.0000 0.0000 0.0000 0.0000 0.0000 0.0000 0.0000 0.0000 0.0000 0.0000
1.0 0.0000 0.0000 0.0000 0.0000 0.0000 0.0000 0.0000 0.0000 0.0000 0.0000
2.0 0.0000 0.0000 0.0000 0.0000 0.0000 0.0000 0.0000 0.0000 0.0000 0.0000
3.0 0.0000 0.0000 0.0000 0.0000 0.0000 0.0000 0.0000 0.0000 0.0000 0.0000
4.0 0.0000 0.0000 0.0000 0.0000 0.0000 0.0000 0.0000 0.0000 0.0000 0.0000
5.0 0.0000 0.0000 0.0000 0.0000 0.0000 1.0000 0.0000 0.0000 0.0000 0.0000
6.0 0.0000 0.0000 0.0000 0.0000 0.0000 3.0000 0.0000 0.0000 0.0000 1.0000
7.0 1.0000 0.0000 0.0000 2.0000 0.0000 5.0000 0.0000 0.0000 1.0000 0.0000
8.0 1.0000 0.0000 0.0000 1.0000 0.0000 3.0000 0.0000 0.0000 3.0000 2.0000
9.0 1.0000 2.0000 3.0000 0.0000 0.0000 8.0000 1.0000 0.0000 3.0000 7.0000
10.0 0.0000 1.0000 0.0000 5.0000 0.0000 10.0000 0.0000 1.0000 5.0000 3.0000
11.0 5.0000 0.0000 0.0000 4.0000 0.0000 11.0000 0.0000 1.0000 8.0000 9.0000
12.0 3.0000 1.0000 1.0000 9.0000 3.0000 9.0000 0.0000 4.0000 3.0000 5.0000
13.0 6.0000 4.0000 3.0000 15.0000 1.0000 13.0000 0.0000 1.0000 11.0000 13.0000
14.0 6.0000 3.0000 8.0000 10.0000 1.0000 15.0000 1.0000 1.0000 8.0000 11.0000
15.0 7.0000 5.0000 5.0000 11.0000 2.0000 18.0000 3.0000 4.0000 12.0000 11.0000
16.0 7.0000 4.0000 5.0000 14.0000 1.0000 17.0000 5.0000 11.0000 14.0000 13.0000
17.0 12.0000 6.0000 9.0000 15.0000 6.0000 21.0000 9.0000 4.0000 18.0000 22.0000
18.0 14.0000 4.0000 25.0000 13.0000 7.0000 28.0000 6.0000 6.0000 10.0000 15.0000
19.0 14.0000 5.0000 22.0000 20.0000 8.0000 20.0000 8.0000 10.0000 24.0000 26.0000
20.0 18.0000 10.0000 25.0000 21.0000 9.0000 27.0000 6.0000 7.0000 22.0000 22.0000
21.0 25.0000 10.0000 24.0000 30.0000 16.0000 30.0000 19.0000 13.0000 25.0000 26.0000
22.0 26.0000 21.0000 31.0000 29.0000 13.0000 24.0000 18.0000 16.0000 31.0000 26.0000
23.0 30.0000 21.0000 38.0000 29.0000 16.0000 42.0000 14.0000 20.0000 31.0000 31.0000
24.0 32.0000 25.0000 29.0000 34.0000 20.0000 42.0000 21.0000 14.0000 35.0000 28.0000
25.0 34.0000 36.0000 45.0000 44.0000 20.0000 34.0000 29.0000 26.0000 39.0000 32.0000
26.0 37.0000 27.0000 44.0000 39.0000 28.0000 42.0000 29.0000 28.0000 37.0000 40.0000
27.0 35.0000 25.0000 37.0000 45.0000 25.0000 37.0000 24.0000 14.0000 33.0000 35.0000
28.0 41.0000 40.0000 38.0000 42.0000 26.0000 51.0000 43.0000 30.0000 43.0000 37.0000
29.0 47.0000 40.0000 45.0000 47.0000 34.0000 46.0000 46.0000 30.0000 50.0000 32.0000
30.0 49.0000 38.0000 56.0000 49.0000 34.0000 49.0000 51.0000 37.0000 54.0000 44.0000
31.0 59.0000 33.0000 55.0000 55.0000 35.0000 49.0000 41.0000 37.0000 45.0000 46.0000
32.0 53.0000 63.0000 58.0000 65.0000 48.0000 53.0000 50.0000 53.0000 52.0000 57.0000
33.0 56.0000 44.0000 57.0000 57.0000 36.0000 63.0000 50.0000 48.0000 59.0000 47.0000
34.0 68.0000 61.0000 65.0000 69.0000 39.0000 62.0000 60.0000 62.0000 72.0000 57.0000
35.0 66.0000 61.0000 69.0000 66.0000 52.0000 56.0000 62.0000 53.0000 69.0000 58.0000
36.0 67.0000 62.0000 75.0000 64.0000 65.0000 68.0000 76.0000 62.0000 68.0000 58.0000
37.0 79.0000 60.0000 70.0000 65.0000 51.0000 65.0000 68.0000 48.0000 74.0000 67.0000
38.0 64.0000 74.0000 77.0000 71.0000 59.0000 62.0000 68.0000 67.0000 77.0000 64.0000
39.0 76.0000 77.0000 80.0000 69.0000 61.0000 74.0000 75.0000 67.0000 78.0000 65.0000
40.0 83.0000 82.0000 82.0000 83.0000 75.0000 77.0000 81.0000 71.0000 79.0000 64.0000
41.0 86.0000 78.0000 80.0000 83.0000 71.0000 77.0000 88.0000 70.0000 81.0000 66.0000
42.0 77.0000 83.0000 89.0000 85.0000 79.0000 79.0000 84.0000 76.0000 92.0000 71.0000
43.0 83.0000 81.0000 86.0000 80.0000 78.0000 74.0000 82.0000 79.0000 85.0000 69.0000
44.0 86.0000 87.0000 90.0000 88.0000 87.0000 84.0000 87.0000 85.0000 91.0000 75.0000
45.0 86.0000 85.0000 84.0000 86.0000 84.0000 71.0000 89.0000 86.0000 90.0000 68.0000
46.0 94.0000 92.0000 91.0000 94.0000 88.0000 84.0000 87.0000 89.0000 94.0000 82.0000
47.0 87.0000 93.0000 93.0000 85.0000 89.0000 80.0000 94.0000 89.0000 95.0000 70.0000
48.0 90.0000 95.0000 93.0000 92.0000 89.0000 84.0000 94.0000 86.0000 94.0000 81.0000
49.0 89.0000 92.0000 91.0000 86.0000 85.0000 88.0000 94.0000 86.0000 90.0000 87.0000
50.0 97.0000 96.0000 96.0000 85.0000 96.0000 86.0000 96.0000 93.0000 98.0000 82.0000
51.0 95.0000 95.0000 98.0000 92.0000 89.0000 91.0000 95.0000 96.0000 96.0000 86.0000
52.0 94.0000 95.0000 98.0000 95.0000 89.0000 86.0000 96.0000 86.0000 98.0000 86.0000
53.0 96.0000 98.0000 99.0000 91.0000 91.0000 86.0000 98.0000 94.0000 94.0000 89.0000
54.0 97.0000 97.0000 95.0000 97.0000 91.0000 91.0000 97.0000 97.0000 96.0000 89.0000
55.0 98.0000 97.0000 98.0000 98.0000 96.0000 94.0000 97.0000 95.0000 96.0000 91.0000
56.0 97.0000 98.0000 99.0000 97.0000 97.0000 89.0000 100.0000 96.0000 99.0000 88.0000
57.0 97.0000 100.0000 100.0000 97.0000 99.0000 92.0000 98.0000 98.0000 100.0000 95.0000
58.0 97.0000 100.0000 99.0000 97.0000 99.0000 93.0000 99.0000 98.0000 99.0000 98.0000
59.0 98.0000 98.0000 100.0000 97.0000 98.0000 90.0000 99.0000 99.0000 99.0000 94.0000
60.0 97.0000 100.0000 100.0000 98.0000 100.0000 97.0000 99.0000 100.0000 97.0000 93.0000
61.0 98.0000 100.0000 99.0000 98.0000 99.0000 96.0000 100.0000 100.0000 100.0000 92.0000
62.0 100.0000 100.0000 100.0000 98.0000 99.0000 95.0000 100.0000 100.0000 97.0000 96.0000
63.0 100.0000 100.0000 100.0000 100.0000 98.0000 95.0000 100.0000 100.0000 99.0000 95.0000
64.0 99.0000 100.0000 100.0000 98.0000 98.0000 97.0000 100.0000 100.0000 100.0000 96.0000
65.0 100.0000 100.0000 100.0000 99.0000 100.0000 100.0000 100.0000 99.0000 99.0000 98.0000
66.0 100.0000 100.0000 100.0000 99.0000 100.0000 99.0000 100.0000 100.0000 100.0000 96.0000
67.0 100.0000 100.0000 100.0000 100.0000 100.0000 96.0000 100.0000 100.0000 100.0000 96.0000
68.0 100.0000 100.0000 100.0000 98.0000 100.0000 97.0000 100.0000 99.0000 99.0000 97.0000
69.0 100.0000 100.0000 100.0000 98.0000 100.0000 100.0000 100.0000 100.0000 100.0000 98.0000
70.0 100.0000 100.0000 100.0000 100.0000 100.0000 99.0000 100.0000 100.0000 100.0000 100.0000
71.0 100.0000 100.0000 100.0000 100.0000 100.0000 100.0000 100.0000 100.0000 100.0000 99.0000
72.0 100.0000 100.0000 100.0000 100.0000 100.0000 98.0000 100.0000 100.0000 100.0000 99.0000
73.0 100.0000 100.0000 100.0000 100.0000 100.0000 100.0000 100.0000 100.0000 100.0000 98.0000
74.0 100.0000 100.0000 100.0000 99.0000 100.0000 100.0000 100.0000 100.0000 100.0000 100.0000
75.0 100.0000 100.0000 100.0000 100.0000 100.0000 99.0000 100.0000 100.0000 100.0000 100.0000
76.0 100.0000 100.0000 100.0000 100.0000 100.0000 99.0000 100.0000 100.0000 100.0000 100.0000
77.0 100.0000 100.0000 100.0000 100.0000 100.0000 98.0000 100.0000 100.0000 100.0000 100.0000
78.0 100.0000 100.0000 100.0000 100.0000 100.0000 100.0000 100.0000 100.0000 100.0000 100.0000
79.0 100.0000 100.0000 100.0000 100.0000 100.0000 100.0000 100.0000 100.0000 100.0000 100.0000
80.0 100.0000 100.0000 100.0000 100.0000 100.0000 100.0000 100.0000 100.0000 100.0000 100.0000
81.0 100.0000 100.0000 100.0000 100.0000 100.0000 99.0000 100.0000 100.0000 100.0000 99.0000
82.0 100.0000 100.0000 100.0000 100.0000 100.0000 100.0000 100.0000 100.0000 100.0000 100.0000
83.0 100.0000 100.0000 100.0000 100.0000 100.0000 99.0000 100.0000 100.0000 100.0000 100.0000
84.0 100.0000 100.0000 100.0000 100.0000 100.0000 100.0000 100.0000 100.0000 100.0000 100.0000
85.0 100.0000 100.0000 100.0000 100.0000 100.0000 100.0000 100.0000 100.0000 100.0000 100.0000
86.0 100.0000 100.0000 100.0000 100.0000 100.0000 100.0000 100.0000 100.0000 100.0000 100.0000
87.0 100.0000 100.0000 100.0000 100.0000 100.0000 100.0000 100.0000 100.0000 100.0000 100.0000
88.0 100.0000 100.0000 100.0000 100.0000 100.0000 100.0000 100.0000 100.0000 100.0000 100.0000
89.0 100.0000 100.0000 100.0000 100.0000 100.0000 100.0000 100.0000 100.0000 100.0000 100.0000
90.0 100.0000 100.0000 100.0000 100.0000 100.0000 100.0000 100.0000 100.0000 100.0000 100.0000
91.0 100.0000 100.0000 100.0000 100.0000 100.0000 100.0000 100.0000 100.0000 100.0000 100.0000
92.0 100.0000 100.0000 100.0000 100.0000 100.0000 100.0000 100.0000 100.0000 100.0000 100.0000
93.0 100.0000 100.0000 100.0000 100.0000 100.0000 100.0000 100.0000 100.0000 100.0000 100.0000
94.0 100.0000 100.0000 100.0000 100.0000 100.0000 100.0000 100.0000 100.0000 100.0000 100.0000
95.0 100.0000 100.0000 100.0000 100.0000 100.0000 100.0000 100.0000 100.0000 100.0000 100.0000
96.0 100.0000 100.0000 100.0000 100.0000 100.0000 100.0000 100.0000 100.0000 100.0000 100.0000
97.0 100.0000 100.0000 100.0000 100.0000 100.0000 100.0000 100.0000 100.0000 100.0000 100.0000
98.0 100.0000 100.0000 100.0000 100.0000 100.0000 100.0000 100.0000 100.0000 100.0000 100.0000
99.0 100.0000 100.0000 100.0000 100.0000 100.0000 100.0000 100.0000 100.0000 100.0000 100.0000
100.0 100.0000 100.0000 100.0000 100.0000 100.0000 100.0000 100.0000 100.0000 100.0000 100.0000
